SIF
32 0 0
-0.00339384377 0.121830538 -0.0214002021 0.149331033 0.0503415428 0.0287960581 0.0369735248 0.0367528759 0.00520162424 0.0942356735 1
-0.0170239322 0.0524891764 -0.00622906536 -0.177291244 0.0932656974 0.021445483 0.0430596657 0.277151465 0.381295264 0.0198595449 1
-0.083304137 0.0665074885 -0.133467764 0.105725721 0.0932268649 0.0275764316 0.039066609 0.0878347531 -0.0516905487 -0.0474076569 1
-0.00855170749 0.0855392367 -0.00325533375 0.266559988 0.0528493188 0.0386199206 0.046979811 0.301595181 -0.156401813 0.518641233 1
-0.00131985242 -0.14587599 -0.0219352432 0.0700307265 0.125340849 0.018236313 0.0258622412 -0.013276767 0.0196028631 0.0972728804 1
-0.0779447332 0.266078591 -0.0431464463 -0.019711405 0.0676883608 0.0282480288 0.0349955335 -0.2069197 0.0112855015 0.148044378 1
-0.0366551653 0.125084922 -0.0419326797 -0.179545283 0.025681477 0.0606805384 0.098698236 0.73590982 0.00864796154 0.186113372 1
-0.0610296875 0.0754702836 0.0427137129 -0.0986727923 0.0812726021 0.0123981228 0.0736218467 0.0559932999 -0.154882491 0.0452004448 1
-0.00754305348 -0.050974451 0.0581334718 -0.025006583 0.103269599 0.0123760933 0.0684887245 -0.226416707 -0.0485795066 0.0925330967 1
-0.0441341847 -0.349449515 -0.032015644 -0.163450271 0.0762025118 0.0854635984 0.0792736709 0.406878829 0.350854307 0.0937118083 1
-0.0520150587 -0.192115322 -0.0560751408 0.0116275474 0.0835732743 0.0114707761 0.033878848 0.532731235 0.00154671073 -0.0576913245 1
-0.0470712557 0.146347821 0.0319537893 0.356274754 0.0752093121 0.0154661136 0.101490572 -0.023870524 0.671718419 -0.25644657 1
-0.0386167541 0.0749223083 -0.0727875233 -0.037826933 0.118443973 0.0195493475 0.0571768321 0.165252715 -0.0153132966 -0.0237914212 1
-0.0879415423 0.0916554257 0.0489644036 0.558416545 0.0918015763 0.0147577068 0.105305411 -0.0271760598 -0.116165034 -0.00103917439 1
-0.0129364133 0.319488525 -0.0582298189 -0.0585243329 0.0858430266 0.0360749513 0.0267446823 -0.232107684 -0.311766982 0.0640541911 1
-0.172570214 0.0618054792 0.0428536683 0.304813057 0.0641124845 0.00697200047 0.148929641 -0.0154068992 0.0145001747 0.0563407801 1
-0.183147982 -0.0581278801 -0.044915285 -0.0020094607 0.120007068 0.0271873232 0.0279317927 0.00115693221 0.00197707582 -0.0412078872 0
-0.00344148278 0.0848259851 -0.0302579664 0.0996929705 0.0431042835 0.0208578371 0.0213854406 0.0403938666 0.0643091053 -0.0519269183 0
-0.0206158813 -0.348933309 -0.0232858565 -0.00678330846 0.053961087 0.0078008431 0.13391301 0.00576499104 0.0568762794 0.0107202912 0
-0.013957046 -0.14787893 -0.0434619933 0.0314756632 0.0841570646 0.0627379641 0.015540773 0.0581702702 -0.141819447 -0.481393427 0
-0.00977862813 0.0673250407 -0.0391046666 -0.0512037799 0.0559164621 0.019207716 0.0228169635 -0.0606229007 -0.0250739083 -0.00458328053 0
-0.0862672031 -0.283523917 -0.0310693532 0.000735081674 0.113507695 0.0290773548 0.0235898234 -0.000198841328 -0.00526417419 0.0197583288 0
-0.0372870974 0.0685135871 0.016317917 -0.00240222225 0.0833173618 0.0736521184 0.0550249219 0.0182215702 0.0335237943 0.0123813935 0
-0.146517098 0.0507124923 -0.0234874394 -0.0395845473 0.111201487 0.0300291236 0.0146487644 -0.0783135965 0.0260587893 -0.017891245 0
-0.0468677394 0.00390322227 0.0186124872 0.00154435355 0.13833259 0.00991001632 0.0407631695 -0.0251842439 0.00265237503 0.0188074969 0
-0.0388638414 -0.0737984031 -0.00408773869 -0.00896175578 0.122397996 0.0100716688 0.0390913934 0.0409286097 -0.0504622199 0.077121228 0
-0.0155543573 -0.144159243 -0.0584710166 -0.0364531204 0.0900730267 0.0677723289 0.0121545829 -0.0266941059 0.121063814 -0.548395276 0
-0.0598848797 0.159349278 -0.0147778224 -0.000545383897 0.0584137216 0.0370564759 0.0418444574 0.021296598 -0.000452700944 -0.0767690018 0
-0.155673921 0.0548877828 -0.027536219 0.037974298 0.129149228 0.0318950713 0.0156898368 0.110287525 -0.0276009906 0.0144759361 0
-0.0572942309 0.0833486095 0.0369852409 0.00162522332 0.0490309522 0.00603687949 0.144675002 0.00146361906 0.0100627812 -0.00569579285 0
-0.117784604 -0.387076139 0.0547205769 -0.00179380388 0.089693144 0.0530628935 0.0134741263 0.0039847563 0.00352449971 -0.767943323 0
-0.102678925 -0.37055397 -0.0269364621 -0.00239983294 0.0473258458 0.00650389679 0.143632516 0.000614477322 0.00611442979 -0.00415382907 0
