SIF
32 0 0
-0.0488355458 0.0349700674 -0.0202234499 0.17538555 0.0823034793 0.0117327161 0.0380715802 -0.0327416882 -0.0656031147 -0.074858211 1
-0.0300941579 -0.0322828256 -0.0111431926 -0.231784478 0.0713447705 0.0269596707 0.0623688661 -0.0512502789 -0.102102175 -0.0093602594 1
-0.0334880203 -0.00554213719 -0.0327018052 0.0787580013 0.0905999988 0.0162954982 0.0388438553 0.017842792 0.0125204958 -0.0418966599 1
-0.00205439329 0.0432086699 -0.019488113 0.289970934 0.0770747811 0.0411832295 0.0333625823 0.252624959 -0.0712338835 0.535468578 1
-0.0280172359 -0.117558062 0.0168292429 0.081160903 0.108906262 0.0187634919 0.0287378673 0.0379728526 -0.00652596261 -0.0532219782 1
-0.0607268773 0.297856897 0.00146513432 -0.0279147122 0.0750861764 0.0285131801 0.0265522171 -0.0655506477 -0.0603691712 -0.0447406694 1
-0.0129342126 0.132036462 -0.0206966214 -0.137566209 0.0377540737 0.0366733819 0.0879150555 0.314687729 -0.0310715158 0.25418973 1
-0.0435176305 0.0946542248 0.0120725706 -0.0856516436 0.118662007 0.0153078949 0.0509579442 0.00690342858 -0.396041155 0.0150126256 1
-0.00337862782 -0.170783788 0.0516701713 -0.0204309393 0.0957438797 0.0180609003 0.0354433954 -0.239963025 -0.126313955 -0.122019336 1
-0.0547848456 -0.319571286 0.0546799749 -0.120961055 0.0705925375 0.0653292537 0.0722887143 0.193364531 0.136586353 0.0575164147 1
-0.0380776972 -0.174581945 0.00110592414 0.0122422352 0.058747679 0.012137345 0.0351897925 0.328407794 0.000333020464 -0.0128428563 1
-0.0487102419 0.0208297223 -0.0101481304 0.346611917 0.107517458 0.0123576755 0.0950359479 0.0435328968 0.776054144 -0.0608399138 1
-0.0400977135 0.0952451155 -0.0095182769 -0.0648399144 0.125690073 0.0107747735 0.0625032261 0.0171639957 -0.151621923 -0.0115115317 1
-0.0848827437 -0.0753036737 -0.00347631797 0.615678072 0.0534954816 0.016707601 0.117657073 0.0438312441 -0.198584691 -0.0739581436 1
-0.027001705 0.367357552 -0.0171432719 -0.0276929364 0.117399342 0.0215850417 0.0277702156 -0.215470612 -0.404607892 -0.0204278342 1
-0.138312712 -0.00323361531 -0.00449517369 0.325108409 0.0445402823 0.00908449478 0.14883852 0.0124822147 -0.187228933 0.0096496474 1
-0.207615092 -0.093434751 0.00798563939 -0.000679900346 0.109724887 0.0196997616 0.0266404655 -0.0267637093 0.00636452157 0.0324984156 0
-0.00959008746 0.0250838436 -0.0165011436 0.0793756396 0.0507931821 0.0132582579 0.0276357848 0.137083977 0.0148832751 -0.0759945437 0
-0.0151493046 -0.239946663 0.00759781618 -0.0150235146 0.0528620444 0.00675855437 0.138255328 -0.0129705165 0.0371877402 -0.0218482912 0
-0.0390336588 -0.199842125 -0.00261720642 0.0259519704 0.0824010372 0.0636889115 0.017662866 0.076950334 0.071707651 -0.275347263 0
-0.00642053783 0.0181264766 -0.0238549188 -0.0757914186 0.0503725596 0.0121478997 0.0270906296 -0.0682770237 -0.000751601532 -0.0101779941 0
-0.0470867157 -0.296886533 0.00199029222 0.00386150833 0.0770322606 0.0277833063 0.037258096 -0.0105547821 0.0252873302 0.0331458673 0
-0.0119743794 0.040979553 0.00906903483 -0.00181495841 0.0863798484 0.0365554765 0.0527755432 0.0149892233 0.0238286965 -0.0360501446 0
-0.206767574 0.0912573487 0.00238153827 -0.0178424567 0.133222461 0.017378686 0.0227484331 -0.0196762998 0.00400251243 -0.0136881489 0
-0.0640243813 -0.0915519893 0.0193259139 0.000870618969 0.137749225 0.0139369285 0.0255386773 0.0098129781 0.00822959654 -0.0381274074 0
-0.0326183513 -0.186755732 -0.0105849411 -0.0191301033 0.133474216 0.0117036002 0.0409225374 0.00312615 0.0315935872 -0.0516615473 0
-0.0326139294 -0.19573465 -0.00762504246 -0.0279280581 0.0887759328 0.0645323768 0.0168209821 -0.0508800298 -0.00975540839 -0.259185076 0
-0.0730234534 0.205631167 0.00250774669 -0.00350844371 0.0883032978 0.0275874734 0.0285796262 -0.00792728551 0.027237419 -0.0323146954 0
-0.177407116 0.0296799522 -0.00242200098 0.0177529119 0.137968481 0.0189224351 0.0210343134 0.0546816401 0.00039057387 0.00308416272 0
-0.180915132 0.039659638 -0.00136958249 -0.00265355734 0.0599359795 0.0083550103 0.146364376 -0.000831268728 -0.013294097 0.0102724088 0
-0.0531912707 -0.302172363 0.086302802 4.66111815e-05 0.0674439147 0.0359523036 0.0136648053 -0.00549666304 0.00931210071 -0.582311034 0
-0.032872811 -0.259762853 0.021808451 0.00427487027 0.0333451778 0.00783147849 0.141494185 -0.0012993142 0.00669996068 -0.0212005079 0
